Q10_A: 1.6471087933911959
Q10_B: 1.40662316601709
Q10_C: 1.4807529509322275
Q10_D: 1.4759661898412741
Q10_cat: 2.2823850179538674
T_melting: 55.89579152166026
delta_C: 543.6526605787992
delta_H: 42727.50821810366
log_K0_A: -0.4198497503218981
log_K0_B: -0.5337290038511959
log_K0i_C: -0.0008217966327306314
log_K0i_D: 1.3257184887835232
log_k0_cat: 5.069281848206292
